43200
3599
3600
3600
3600
59
86400
3271
3599
7200
86400
3600
3599
14071
3600
3600
3599
3600
3600
3600
81594
86400
86176
3376
7199
86400
3600
86400
86399
3600
120
3272
3600
3600
86175
86399
86400
86400
86400
86399
86400
43200
267
86399
28358
300
86400
3600
3600
2560
10799
14400
3158
158
3271
3158
86400
21600
14399
86400
86176
3600
3599
21600
1800
14071
86070
10800
10799
3600
3600
86068
85959
300
86400
28799
3270
299
600
86400
3599
86400
86400
86399
1364
28576
3270
3268
3600
300
299
3600
86400
43199
43200
3600
43200
3270
3600
3268
86400
900
85966
3600
28800
86400
3375
3600
86400
43200
86400
86400
3599
86400
3600
900
3376
3600
3600
3600
43199
86397
3600
14069
14399
3270
3600
43199
86175
3169
3599
86400
3600
599
3376
3269
6870
42868
3600
86400
3599
3270
3600
86400
3269
86070
3600
86400
3599
3600
10800
43199
86400
86400
3375
86400
85973
3270
86399
21600
1200
3599
86400
299
3377
86400
900
86399
86400
86400
86400
86399
3600
3600
3600
3599
300
3600
10800
86400
899
86072
13979
86399
300
