43199
3600
3600
3600
3599
60
86400
3600
1175
7200
86400
3599
3600
14400
3600
3599
3600
3600
3599
3600
600
86400
86400
3599
7200
86400
3600
86399
86400
3600
120
3599
3600
3600
86400
86399
86400
86400
86399
86400
86400
43200
153
86400
28800
300
86399
86400
3600
3600
2559
10800
14400
3600
600
3600
3599
3600
86400
21600
14400
86399
86400
3600
3599
10800
1800
14399
86400
10799
10800
3600
3599
86400
86400
300
86400
28799
3600
299
600
86400
3600
86399
86400
86400
1799
28800
3600
3599
3600
3600
3600
3599
86400
43199
43200
3600
43200
3600
3599
3600
86400
899
86400
3600
28799
86400
3600
3599
86400
43200
86399
86400
3600
86399
3600
900
3599
3600
3599
3600
43200
86397
3600
14400
14400
3600
3600
43199
86400
3599
3600
86399
3600
599
3600
3600
7200
43199
3600
86400
3599
3600
3600
86399
3600
86400
3599
86400
3600
3600
10800
43200
86400
86400
3599
86400
86400
3600
86400
21599
1200
3599
86400
299
3600
86399
900
86399
86400
86399
86400
86400